18.403,-67.154,1
18.474,-66.937,2
18.455,-66.744,3
18.432,-66.476,4
18.446,-66.396,5
18.406,-66.281,6
18.368,-66.166,7
18.211,-65.735,8
18.236,-66.035,9
18.257,-66.107,10
18.218,-66.226,11
18.265,-66.701,12
18.242,-66.663,13
18.294,-66.877,14
18.341,-66.989,15
18.281,-67.166,16
18.2,-67.146,17
18.146,-67.144,18
18.024,-67.157,19
17.968,-67.19,20
18.081,-67.038,21
17.968,-66.934,22
18.011,-66.888,23
18.034,-66.849,24
18.184,-66.855,25
18.151,-66.885,26
18.18,-66.736,27
18.011,-66.614,28
18.223,-66.519,29
18.227,-66.391,30
18.126,-66.497,31
18.165,-66.406,32
18.188,-66.317,33
17.975,-66.403,34
18.08,-66.355,35
18.13,-66.286,36
18.119,-66.155,37
18.187,-66.159,38
18.184,-65.967,39
18.15,-65.825,40
18.006,-66.014,41
18.005,-65.899,42
17.985,-66.113,43
18.444,-66.543,44
18.444,-66.069,45
18.341,-66.317,46
18.376,-65.842,47
18.332,-65.65,48
